Phantom:::08-01,341,2,329,2
jára22:::08-01,193,1,0,0
NIG.german:::08-01,213,1,27,66
Zlatkar:::08-01,153,1,13,0
Falco2k:::08-01,170,1,14,0
Macek51:::08-01,382,2,4,0
Nazdárek:::08-01,206,1,0,0
freeride13:::08-01,150,1,0,0
Degustator:::08-01,155,1,410,30
Oberyn:::08-01,10,1,0,0
Raido:::08-01,77,1,1,0
monika:::08-01,54,1,0,84
marci:::08-01,253,2,23,0
Nayssus:::08-01,315,2,71,0
Gravirka11:::08-01,96,1,73,3
smaggy:::08-01,15,1,0,0
Zelenej:::08-01,175,1,0,0
divobijka:::08-01,212,1,0,0
Brodle_G.o.a.T.:::08-01,470,2,72,10
KokoJambo:::08-01,330,2,0,0
pavuk13:::08-01,181,1,45,0
Majko:::08-01,309,2,46,0
gon:::08-01,157,1,0,0
predator00p:::08-01,123,1,13,1
Bordel-MňamDPC:::08-01,289,2,4,0
Momir:::08-01,246,1,40,0
martin:::08-01,128,1,0,0
Kubasass:::08-01,183,1,4,0
Růžové Prasátko:::08-01,194,1,360,8
Jenda3:::08-01,166,1,27,0
Malvina3159:::08-01,162,1,30,0
Wepwawet:::08-01,242,1,22,0
Qok:::08-01,188,1,47,159
Lukann:::08-01,162,1,41,0
mistrpav:::08-01,154,1,0,59
bagrista:::08-01,41,1,0,1
yatutarsa:::08-01,41,1,0,0
Prdelní Vřed:::08-01,148,1,0,0
Chupaka:::08-01,226,1,15,9
ravanello:::08-01,8,1,0,0
Spachtoš:::08-01,313,2,0,0
wYNY:::08-01,194,1,25,0
Tomi:::08-01,207,2,11,0
Chalvnamoor:::08-01,205,1,25,66
Kündü:::08-01,301,2,0,0
SNH:::08-01,357,2,379,6
Bucek:::08-01,148,1,0,0
hugo:::08-01,270,2,1,0
lockandloaded:::08-01,254,2,118,0
Beny15:::08-01,367,2,25,0
SKUHRY:::08-01,146,1,0,77
Palec:::08-01,46,1,0,0
Zebrak:::08-01,224,1,0,51
Apokalypsa:::08-01,188,1,80,20
DynamicDuo:::08-01,258,2,91,1
Yaga:::08-01,231,1,0,0
zlodej:::08-01,128,1,0,0
PrkenaPodlaha:::08-01,304,1,37,0
EndlessCash:::08-01,275,2,542,0
Bordel-Majo:::08-01,329,2,16,0
Adwe&Fafii:::08-01,310,2,0,0
Fizzicilious:::08-01,53,1,0,0
Edmund:::08-01,73,1,0,0
Steiger:::08-01,279,2,1,0
Insomniac:::08-01,276,2,0,0
Pipičko:::08-01,10,1,0,0
Bacil8:::08-01,11,1,0,0
MichalS36:::08-01,47,1,0,0
scipio:::08-01,311,2,0,0
Elrion:::08-01,142,1,42,163
Momo255:::08-01,117,1,3,0
Never Ending:::08-01,420,2,101,7
tetelaco:::08-01,120,1,0,0
Jsemmekky:::08-01,211,1,0,9
kudino:::08-01,216,1,18,21
4viky4:::08-01,223,1,0,0
Hajavaba:::08-01,235,2,52,0
Flurion:::08-01,339,2,52,0
Qwertik:::08-01,8,1,0,0
M8FcRa:::08-01,8,1,0,0
Tiger72:::08-01,44,1,0,1
Alenka:::08-01,305,2,27,0
Dodík:::08-01,205,1,54,22
Elessar:::08-01,223,1,43,33
Vena7777:::08-01,267,1,0,0
wYNY-cz:::08-01,160,1,29,15
Bordel-Parta:::08-01,285,2,38,19
sixtus:::08-01,126,1,2,0
rok:::08-01,351,2,23,0
congi:::08-01,258,1,0,0
vojta6666:::08-01,55,1,0,0
Carcha:::08-01,90,1,0,0
agadir:::08-01,206,2,0,31
bezhlavec:::08-01,179,1,0,0
norron:::08-01,252,2,36,0
Jugin:::08-01,122,1,8,14
Cerberos:::08-01,96,1,22,0
wick009:::08-01,22,1,0,2
Palec84:::08-01,135,1,0,0
Rejpal:::08-01,314,2,21,2
okick:::08-01,207,1,0,0
Marecius:::08-01,53,1,0,0
GRIFON:::08-01,221,1,50,0
Sotemi:::08-01,183,1,8,0
2Fast4U:::08-01,163,1,68,0
Mihy678:::08-01,216,1,0,0
6cmEvil2minHell:::08-01,380,2,106,15
Nefertiti:::08-01,200,1,242,0
hutler:::08-01,190,1,1,0
Goomer:::08-01,10,1,0,0
writch:::08-01,24,1,0,0
broskvi:::08-01,364,2,13,0
hlavacek11:::08-01,68,1,16,0
Shady:::08-01,74,1,0,0
Samo:::08-01,82,1,0,0
torian:::08-01,210,2,358,1
The_Krizooo:::08-01,151,1,0,0
rosta007:::08-01,144,1,9,0
Mary:::08-01,21,1,0,0
Spartacus:::08-01,121,1,0,0
1david128:::08-01,166,1,0,0
Palafix:::08-01,149,1,16,158
Bohuslava8672:::08-01,156,1,619,36
gold_22:::08-01,161,1,0,0
Bordel-Panda:::08-01,371,2,0,0
Luthor:::08-01,268,2,10,0
Dovahkin:::08-01,34,1,0,0
FastyyKujwa:::08-01,14,1,0,0
Alexandra6269:::08-01,144,1,119,0
Garred:::08-01,12,1,0,0
LaLaLama:::08-01,36,1,0,0
stavbarsom:::08-01,41,1,0,1
bobby j brown:::08-01,37,1,0,0
Monikaaa:::08-01,38,1,0,5
Lubdo:::08-01,287,2,0,0
Pangelo27:::08-01,181,1,0,0
Orol29:::08-01,192,1,0,0
Adoráta:::08-01,369,2,0,0
drateR:::08-01,208,1,36,0
kubisek444:::08-01,12,1,0,0
Prdouch111:::08-01,252,2,0,0
ssrss:::08-01,226,2,305,9
Johnglass:::08-01,176,1,0,0
Bordel v krčme?:::08-01,490,2,59,0
Rýč:::08-01,280,2,0,0
achbi:::08-01,161,1,0,0
king0fthehill:::08-01,205,1,1027,0
Cortés:::08-01,183,1,18,0
Gemini:::08-01,229,1,1498,525
Zoltán:::08-01,75,1,60,0
pokeboku:::08-01,109,1,20,33
Dabell:::08-01,359,2,2,0
Skritekk:::08-01,76,1,0,3
Krump:::08-01,51,1,0,0
sivtom:::08-01,240,2,0,0
djanko:::08-01,77,1,0,6
touch:::08-01,122,1,0,0
toyoJEANNNNN:::08-01,461,2,44,0
Reycan:::08-01,261,2,255,3
Bordel-law:::08-01,362,2,0,0
Pa3ck1409:::08-01,22,1,0,6
Vaso Patejdl:::08-01,263,2,4,0
PussyLovers:::08-01,320,2,38,0
nemo7:::08-01,21,1,0,0
Pozorovatelé:::08-01,263,2,826,0
Mr. President:::08-01,17,1,0,5
Josef444:::08-01,195,1,443,0
gal the little:::08-01,8,1,0,0
FraJ3rKo:::08-01,212,2,135,16
pelko:::08-01,206,1,0,0
liferus:::08-01,20,1,0,0
Nino:::08-01,239,2,0,0
Neandrtálci:::08-01,10,1,0,2
pinokio:::08-01,203,1,25,0
anejaa:::08-01,77,1,0,0
Spartanu:::08-01,13,1,0,0
Snoopy:::08-01,242,2,0,0
DARK WORLD:::08-01,110,2,0,0
Karina6354:::08-01,146,1,80,0
Ignor:::08-01,253,2,92,0
Endless Agony:::08-01,324,2,19,0
BeRy:::08-01,10,1,0,1
Fextus:::08-01,231,2,0,0
Tvaroh:::08-01,19,1,0,0
pozorovatel:::08-01,113,1,0,0
HotChick:::08-01,302,2,9,0
3netáhla:::08-01,286,2,0,0
Romel67:::08-01,163,1,135,0
Dinousek:::08-01,267,2,2,0
KYSriot:::08-01,316,2,242,81
CoVyNaTo:::08-01,196,1,18,0
Domin22:::08-01,29,1,0,0
Supermuf:::08-01,178,1,6,0
Hustler:::08-01,9,1,0,6
Ertugrul:::08-01,181,1,0,27
Obscene Extreme:::08-01,188,1,0,0
GeneralDefence:::08-01,245,2,0,0
PolovičnýTroll:::08-01,145,1,4,0
neandrtál3c:::08-01,42,1,7,44
Amunatu:::08-01,363,2,14,0
Kazisvet6ty:::08-01,234,1,2,0
Drsne-Bambulky:::08-01,285,2,901,0
cipisek:::08-01,134,1,0,0
sirzender:::08-01,170,1,0,0
Neandrtálec:::08-01,30,1,0,0
Trable:::08-01,192,1,159,27
Paulus937:::08-01,114,1,0,0
Afrozlatovlásky:::08-01,294,2,296,0
mapupo:::08-01,66,1,7,0
Durix:::08-01,294,2,15,0
MAF:::08-01,70,1,0,18
Achmed:::08-01,114,1,1,0
Drahoslav3990:::08-01,154,1,123,0
PhennomeN:::08-01,200,1,215,0
Marcus:::08-01,283,1,9,0
Alexej9203:::08-01,154,1,324,22
TOM:::08-01,105,1,83,0
Anné:::08-01,245,1,0,0
Gaba:::08-01,229,1,201,0
Andrea8713:::08-01,151,1,156,0
Lalisa:::08-01,128,1,13,0
Daniela2665:::08-01,137,1,235,24
SM fans:::08-01,284,2,26,0
Bordel-penzia:::08-01,416,2,4,0
Bordel ve vládě:::08-01,249,2,489,8
AwesomePhilip:::08-01,192,1,0,0
Severin3042:::08-01,167,1,41,0
Ukaz Cecky:::08-01,42,1,0,1
cernooo:::08-01,20,1,0,0
Dawwe:::08-01,252,2,6,0
ihosu:::08-01,18,1,0,0
Pelargos:::08-01,350,2,23,0
rudyj:::08-01,157,1,333,0
samo11:::08-01,125,1,2,0
jakubko2555:::08-01,247,2,0,0
Basternak:::08-01,313,2,15,9
Drak 63:::08-01,234,1,42,0
JackylaHyde:::08-01,155,2,0,23
Legolas:::08-01,113,1,4,4
Lovec83NY:::08-01,357,2,46,0
Bordel-ClickBot:::08-01,272,2,22,0
HromozonCze:::08-01,252,1,0,0
Natsu:::08-01,162,1,54,0
